0 0 0.00000 
0 1 14.84320 
0 2 32.74823 
0 3 45.45701 
0 4 8.06086 
0 5 8.11544 
0 6 3.83150 
0 7 45.91918 
0 8 38.10632 
0 9 4.14856 
0 10 23.61146 
0 11 52.45521 
0 12 57.79558 
0 13 8.16945 
0 14 19.32680 
0 15 67.45705 
0 16 54.59029 
0 17 40.35656 
0 18 42.68198 
0 19 74.24852 
0 20 47.31502 
0 21 38.40048 
0 22 30.31897 
0 23 36.66620 
0 24 41.70735 
0 25 25.26518 
0 26 42.05139 
0 27 61.69363 
0 28 47.49728 
0 29 32.65972 
0 30 47.59146 
0 31 4.30422 
0 32 78.99837 
0 33 79.11034 
0 34 8.74269 
0 35 47.63637 
0 36 66.55332 
0 37 49.74002 
0 38 23.18837 
0 39 61.50679 
0 40 35.27635 
0 41 63.11414 
0 42 46.87932 
0 43 13.35057 
0 44 50.39258 
0 45 65.79110 
0 46 19.04206 
0 47 50.01235 
0 48 29.72796 
0 49 47.36522 
0 50 22.89900 
0 51 15.33178 
0 52 38.96622 
0 53 29.14399 
0 54 13.11142 
0 55 45.52920 
0 56 14.57412 
0 57 70.08573 
0 58 36.19574 
0 59 19.99235 
0 60 54.63730 
0 61 19.43460 
0 62 29.74593 
0 63 35.99257 
0 64 74.46880 
0 65 49.57973 
0 66 4.01425 
0 67 37.80298 
0 68 57.48950 
0 69 50.36852 
0 70 28.08713 
0 71 13.43689 
0 72 29.79200 
0 73 70.09469 
0 74 38.80696 
0 75 13.24562 
0 76 79.25119 
0 77 37.75323 
0 78 67.60256 
0 79 19.35587 
0 80 36.69986 
0 81 38.73709 
0 82 19.88130 
0 83 13.47767 
0 84 18.57845 
0 85 19.46677 
0 86 30.37279 
0 87 20.15963 
0 88 34.07596 
0 89 72.03308 
0 90 71.49998 
0 91 39.23255 
0 92 79.32274 
0 93 76.73567 
0 94 21.45261 
0 95 38.78636 
0 96 59.10654 
0 97 66.41165 
0 98 34.68068 
0 99 26.43974 
1 0 14.84320 
1 1 0.00000 
1 2 17.90503 
1 3 30.61381 
1 4 22.90407 
1 5 22.95864 
1 6 18.67470 
1 7 31.07598 
1 8 23.26312 
1 9 18.99176 
1 10 8.76826 
1 11 37.61200 
1 12 42.95238 
1 13 23.01265 
1 14 4.48360 
1 15 52.61384 
1 16 39.74708 
1 17 25.51335 
1 18 27.83878 
1 19 59.40532 
1 20 32.47182 
1 21 23.55727 
1 22 15.47577 
1 23 21.82300 
1 24 26.86414 
1 25 10.42198 
1 26 27.20818 
1 27 46.85043 
1 28 32.65408 
1 29 17.81652 
1 30 32.74826 
1 31 19.14742 
1 32 64.15517 
1 33 64.26714 
1 34 23.58589 
1 35 32.79317 
1 36 51.71012 
1 37 34.89682 
1 38 8.34516 
1 39 46.66359 
1 40 20.43314 
1 41 48.27094 
1 42 32.03612 
1 43 28.19378 
1 44 35.54937 
1 45 50.94789 
1 46 4.19886 
1 47 35.16915 
1 48 14.88476 
1 49 32.52202 
1 50 8.05579 
1 51 30.17499 
1 52 24.12302 
1 53 14.30079 
1 54 27.95462 
1 55 30.68600 
1 56 29.41732 
1 57 55.24253 
1 58 21.35254 
1 59 5.14915 
1 60 39.79410 
1 61 34.27780 
1 62 14.90273 
1 63 21.14937 
1 64 59.62560 
1 65 34.73652 
1 66 18.85745 
1 67 22.95978 
1 68 42.64629 
1 69 35.52531 
1 70 13.24393 
1 71 28.28009 
1 72 14.94880 
1 73 55.25149 
1 74 23.96375 
1 75 28.08883 
1 76 64.40799 
1 77 22.91002 
1 78 52.75935 
1 79 4.51267 
1 80 21.85666 
1 81 23.89388 
1 82 5.03809 
1 83 28.32088 
1 84 3.73524 
1 85 4.62357 
1 86 15.52958 
1 87 35.00283 
1 88 19.23275 
1 89 57.18987 
1 90 56.65677 
1 91 24.38934 
1 92 64.47954 
1 93 61.89247 
1 94 6.60940 
1 95 23.94315 
1 96 44.26334 
1 97 51.56845 
1 98 19.83748 
1 99 11.59654 
2 0 32.74823 
2 1 17.90503 
2 2 0.00000 
2 3 12.70878 
2 4 40.80910 
2 5 40.86367 
2 6 36.57973 
2 7 13.17095 
2 8 5.35809 
2 9 36.89679 
2 10 26.67329 
2 11 19.70697 
2 12 25.04735 
2 13 40.91768 
2 14 22.38863 
2 15 34.70881 
2 16 21.84205 
2 17 7.60832 
2 18 9.93375 
2 19 41.50029 
2 20 14.56679 
2 21 5.65224 
2 22 33.38080 
2 23 3.91797 
2 24 8.95911 
2 25 28.32701 
2 26 9.30315 
2 27 28.94540 
2 28 14.74905 
2 29 35.72155 
2 30 14.84323 
2 31 37.05245 
2 32 46.25014 
2 33 46.36210 
2 34 41.49092 
2 35 14.88814 
2 36 33.80509 
2 37 16.99178 
2 38 26.25019 
2 39 28.75856 
2 40 38.33817 
2 41 30.36591 
2 42 14.13109 
2 43 46.09881 
2 44 17.64434 
2 45 33.04286 
2 46 22.10389 
2 47 17.26412 
2 48 32.78979 
2 49 14.61699 
2 50 25.96082 
2 51 48.08002 
2 52 6.21799 
2 53 32.20582 
2 54 45.85965 
2 55 12.78097 
2 56 47.32235 
2 57 37.33749 
2 58 3.44751 
2 59 23.05418 
2 60 21.88907 
2 61 52.18283 
2 62 32.80776 
2 63 3.24434 
2 64 41.72057 
2 65 16.83149 
2 66 36.76248 
2 67 5.05475 
2 68 24.74126 
2 69 17.62028 
2 70 31.14896 
2 71 46.18512 
2 72 32.85383 
2 73 37.34646 
2 74 6.05872 
2 75 45.99386 
2 76 46.50296 
2 77 40.81505 
2 78 34.85432 
2 79 22.41770 
2 80 3.95163 
2 81 5.98885 
2 82 22.94312 
2 83 46.22591 
2 84 21.64027 
2 85 22.52860 
2 86 33.43461 
2 87 52.90787 
2 88 37.13778 
2 89 39.28484 
2 90 38.75174 
2 91 6.48431 
2 92 46.57451 
2 93 43.98743 
2 94 24.51443 
2 95 6.03812 
2 96 26.35831 
2 97 33.66342 
2 98 37.74251 
2 99 29.50157 
3 0 45.45701 
3 1 30.61381 
3 2 12.70878 
3 3 0.00000 
3 4 53.51788 
3 5 53.57245 
3 6 49.28851 
3 7 25.87973 
3 8 18.06686 
3 9 49.60557 
3 10 39.38207 
3 11 6.99819 
3 12 37.75613 
3 13 53.62646 
3 14 35.09741 
3 15 47.41759 
3 16 9.13327 
3 17 20.31710 
3 18 22.64253 
3 19 54.20907 
3 20 27.27557 
3 21 18.36102 
3 22 46.08958 
3 23 16.62675 
3 24 21.66789 
3 25 41.03579 
3 26 22.01193 
3 27 16.23662 
3 28 27.45782 
3 29 48.43033 
3 30 27.55201 
3 31 49.76123 
3 32 58.95892 
3 33 59.07088 
3 34 54.19970 
3 35 27.59691 
3 36 21.09631 
3 37 29.70056 
3 38 38.95897 
3 39 41.46734 
3 40 51.04695 
3 41 43.07469 
3 42 26.83987 
3 43 58.80759 
3 44 4.93556 
3 45 45.75164 
3 46 34.81267 
3 47 4.55534 
3 48 45.49857 
3 49 27.32576 
3 50 38.66960 
3 51 60.78880 
3 52 18.92677 
3 53 44.91460 
3 54 58.56843 
3 55 25.48975 
3 56 60.03113 
3 57 50.04627 
3 58 16.15629 
3 59 35.76296 
3 60 34.59785 
3 61 64.89161 
3 62 45.51654 
3 63 15.95312 
3 64 54.42934 
3 65 4.12271 
3 66 49.47126 
3 67 17.76352 
3 68 12.03248 
3 69 30.32906 
3 70 43.85774 
3 71 58.89390 
3 72 45.56261 
3 73 50.05524 
3 74 18.76750 
3 75 58.70264 
3 76 59.21173 
3 77 53.52383 
3 78 47.56310 
3 79 35.12648 
3 80 16.66040 
3 81 18.69763 
3 82 35.65190 
3 83 58.93469 
3 84 34.34905 
3 85 35.23738 
3 86 46.14339 
3 87 65.61664 
3 88 49.84656 
3 89 51.99362 
3 90 51.46052 
3 91 19.19309 
3 92 59.28329 
3 93 56.69621 
3 94 37.22321 
3 95 18.74690 
3 96 13.64953 
3 97 20.95464 
3 98 50.45129 
3 99 42.21035 
4 0 8.06086 
4 1 22.90407 
4 2 40.80910 
4 3 53.51788 
4 4 0.00000 
4 5 16.17630 
4 6 11.89236 
4 7 53.98004 
4 8 46.16718 
4 9 12.20942 
4 10 31.67233 
4 11 60.51607 
4 12 65.85644 
4 13 16.23031 
4 14 27.38766 
4 15 75.51791 
4 16 62.65115 
4 17 48.41742 
4 18 50.74284 
4 19 82.30938 
4 20 55.37589 
4 21 46.46134 
4 22 38.37983 
4 23 44.72706 
4 24 49.76821 
4 25 33.32604 
4 26 50.11225 
4 27 69.75450 
4 28 55.55814 
4 29 40.72058 
4 30 55.65233 
4 31 12.36508 
4 32 87.05924 
4 33 87.17120 
4 34 16.80355 
4 35 55.69723 
4 36 74.61419 
4 37 57.80088 
4 38 31.24923 
4 39 69.56766 
4 40 43.33721 
4 41 71.17500 
4 42 54.94018 
4 43 21.41143 
4 44 58.45344 
4 45 73.85196 
4 46 27.10293 
4 47 58.07321 
4 48 37.78883 
4 49 55.42608 
4 50 30.95986 
4 51 23.39265 
4 52 47.02708 
4 53 37.20485 
4 54 5.05056 
4 55 53.59006 
4 56 22.63498 
4 57 78.14659 
4 58 44.25660 
4 59 28.05322 
4 60 62.69816 
4 61 27.49546 
4 62 37.80679 
4 63 44.05343 
4 64 82.52966 
4 65 57.64059 
4 66 12.07511 
4 67 45.86384 
4 68 65.55036 
4 69 58.42938 
4 70 36.14799 
4 71 21.49775 
4 72 37.85286 
4 73 78.15555 
4 74 46.86782 
4 75 5.18476 
4 76 87.31205 
4 77 45.81409 
4 78 75.66342 
4 79 27.41674 
4 80 44.76072 
4 81 46.79795 
4 82 27.94216 
4 83 21.53853 
4 84 26.63931 
4 85 27.52763 
4 86 38.43365 
4 87 28.22049 
4 88 42.13682 
4 89 80.09394 
4 90 79.56084 
4 91 47.29341 
4 92 87.38361 
4 93 84.79653 
4 94 29.51347 
4 95 46.84722 
4 96 67.16740 
4 97 74.47252 
4 98 42.74154 
4 99 34.50060 
5 0 8.11544 
5 1 22.95864 
5 2 40.86367 
5 3 53.57245 
5 4 16.17630 
5 5 0.00000 
5 6 11.94694 
5 7 54.03462 
5 8 46.22176 
5 9 12.26400 
5 10 31.72690 
5 11 60.57065 
5 12 65.91102 
5 13 16.28489 
5 14 27.44224 
5 15 75.57249 
5 16 62.70573 
5 17 48.47200 
5 18 50.79742 
5 19 82.36396 
5 20 55.43046 
5 21 46.51592 
5 22 38.43441 
5 23 44.78164 
5 24 49.82279 
5 25 33.38062 
5 26 50.16683 
5 27 69.80907 
5 28 55.61272 
5 29 40.77516 
5 30 55.70690 
5 31 12.41966 
5 32 87.11381 
5 33 87.22578 
5 34 16.85813 
5 35 55.75181 
5 36 74.66876 
5 37 57.85546 
5 38 31.30381 
5 39 69.62223 
5 40 43.39179 
5 41 71.22958 
5 42 54.99476 
5 43 21.46601 
5 44 58.50802 
5 45 73.90654 
5 46 27.15750 
5 47 58.12779 
5 48 37.84340 
5 49 55.48066 
5 50 31.01444 
5 51 23.44722 
5 52 47.08166 
5 53 37.25943 
5 54 21.22686 
5 55 53.64464 
5 56 6.45868 
5 57 78.20117 
5 58 44.31118 
5 59 28.10779 
5 60 62.75274 
5 61 11.31916 
5 62 37.86137 
5 63 44.10801 
5 64 82.58424 
5 65 57.69517 
5 66 12.12969 
5 67 45.91842 
5 68 65.60494 
5 69 58.48396 
5 70 36.20257 
5 71 21.55233 
5 72 37.90744 
5 73 78.21013 
5 74 46.92240 
5 75 21.36106 
5 76 87.36663 
5 77 45.86867 
5 78 75.71800 
5 79 27.47131 
5 80 44.81530 
5 81 46.85253 
5 82 27.99674 
5 83 21.59311 
5 84 26.69389 
5 85 27.58221 
5 86 38.48823 
5 87 28.27507 
5 88 42.19140 
5 89 80.14852 
5 90 79.61542 
5 91 47.34799 
5 92 87.43818 
5 93 84.85111 
5 94 29.56805 
5 95 46.90180 
5 96 67.22198 
5 97 74.52709 
5 98 42.79612 
5 99 34.55518 
6 0 3.83150 
6 1 18.67470 
6 2 36.57973 
6 3 49.28851 
6 4 11.89236 
6 5 11.94694 
6 6 0.00000 
6 7 49.75068 
6 8 41.93782 
6 9 7.98005 
6 10 27.44296 
6 11 56.28670 
6 12 61.62708 
6 13 12.00095 
6 14 23.15830 
6 15 71.28854 
6 16 58.42178 
6 17 44.18805 
6 18 46.51348 
6 19 78.08002 
6 20 51.14652 
6 21 42.23197 
6 22 34.15047 
6 23 40.49770 
6 24 45.53884 
6 25 29.09668 
6 26 45.88288 
6 27 65.52513 
6 28 51.32878 
6 29 36.49122 
6 30 51.42296 
6 31 8.13571 
6 32 82.82987 
6 33 82.94184 
6 34 12.57418 
6 35 51.46787 
6 36 70.38482 
6 37 53.57152 
6 38 27.01986 
6 39 65.33829 
6 40 39.10784 
6 41 66.94564 
6 42 50.71082 
6 43 17.18207 
6 44 54.22408 
6 45 69.62259 
6 46 22.87356 
6 47 53.84385 
6 48 33.55946 
6 49 51.19672 
6 50 26.73049 
6 51 19.16328 
6 52 42.79772 
6 53 32.97549 
6 54 16.94292 
6 55 49.36070 
6 56 18.40561 
6 57 73.91723 
6 58 40.02724 
6 59 23.82385 
6 60 58.46880 
6 61 23.26609 
6 62 33.57743 
6 63 39.82407 
6 64 78.30030 
6 65 53.41122 
6 66 7.84575 
6 67 41.63448 
6 68 61.32099 
6 69 54.20001 
6 70 31.91863 
6 71 17.26838 
6 72 33.62350 
6 73 73.92619 
6 74 42.63845 
6 75 17.07712 
6 76 83.08269 
6 77 41.58472 
6 78 71.43405 
6 79 23.18737 
6 80 40.53136 
6 81 42.56858 
6 82 23.71279 
6 83 17.30917 
6 84 22.40994 
6 85 23.29827 
6 86 34.20428 
6 87 23.99113 
6 88 37.90745 
6 89 75.86457 
6 90 75.33147 
6 91 43.06405 
6 92 83.15424 
6 93 80.56717 
6 94 25.28410 
6 95 42.61785 
6 96 62.93804 
6 97 70.24315 
6 98 38.51218 
6 99 30.27124 
7 0 45.91918 
7 1 31.07598 
7 2 13.17095 
7 3 25.87973 
7 4 53.98004 
7 5 54.03462 
7 6 49.75068 
7 7 0.00000 
7 8 18.52903 
7 9 50.06774 
7 10 39.84424 
7 11 32.87792 
7 12 11.87640 
7 13 54.08863 
7 14 35.55957 
7 15 21.53787 
7 16 35.01300 
7 17 20.77927 
7 18 23.10469 
7 19 28.32934 
7 20 27.73774 
7 21 18.82319 
7 22 46.55174 
7 23 17.08892 
7 24 22.13006 
7 25 41.49796 
7 26 22.47410 
7 27 42.11635 
7 28 27.91999 
7 29 48.89249 
7 30 28.01418 
7 31 50.22340 
7 32 33.07919 
7 33 33.19116 
7 34 54.66187 
7 35 28.05908 
7 36 46.97604 
7 37 30.16273 
7 38 39.42114 
7 39 15.58761 
7 40 51.50912 
7 41 17.19496 
7 42 27.30203 
7 43 59.26975 
7 44 30.81529 
7 45 19.87192 
7 46 35.27484 
7 47 30.43506 
7 48 45.96074 
7 49 27.78793 
7 50 39.13177 
7 51 61.25097 
7 52 19.38893 
7 53 45.37677 
7 54 59.03060 
7 55 25.95191 
7 56 60.49330 
7 57 24.16655 
7 58 16.61845 
7 59 36.22513 
7 60 35.06001 
7 61 65.35378 
7 62 45.97871 
7 63 16.41529 
7 64 28.54962 
7 65 30.00244 
7 66 49.93343 
7 67 18.22569 
7 68 37.91221 
7 69 4.44934 
7 70 44.31990 
7 71 59.35607 
7 72 46.02477 
7 73 24.17551 
7 74 19.22967 
7 75 59.16480 
7 76 33.33201 
7 77 53.98600 
7 78 21.68338 
7 79 35.58865 
7 80 17.12257 
7 81 19.15980 
7 82 36.11407 
7 83 59.39685 
7 84 34.81122 
7 85 35.69954 
7 86 46.60556 
7 87 66.07881 
7 88 50.30873 
7 89 26.11390 
7 90 25.58080 
7 91 19.65526 
7 92 33.40356 
7 93 30.81649 
7 94 37.68538 
7 95 19.20907 
7 96 39.52925 
7 97 46.83437 
7 98 50.91345 
7 99 42.67251 
8 0 38.10632 
8 1 23.26312 
8 2 5.35809 
8 3 18.06686 
8 4 46.16718 
8 5 46.22176 
8 6 41.93782 
8 7 18.52903 
8 8 0.00000 
8 9 42.25488 
8 10 32.03138 
8 11 25.06506 
8 12 30.40543 
8 13 46.27577 
8 14 27.74671 
8 15 40.06690 
8 16 27.20014 
8 17 12.96641 
8 18 15.29183 
8 19 46.85837 
8 20 19.92488 
8 21 11.01033 
8 22 38.73888 
8 23 9.27605 
8 24 14.31720 
8 25 33.68509 
8 26 14.66124 
8 27 34.30348 
8 28 20.10713 
8 29 41.07963 
8 30 20.20132 
8 31 42.41054 
8 32 51.60823 
8 33 51.72019 
8 34 46.84901 
8 35 20.24622 
8 36 39.16317 
8 37 22.34987 
8 38 31.60828 
8 39 34.11665 
8 40 43.69626 
8 41 35.72399 
8 42 19.48917 
8 43 51.45689 
8 44 23.00243 
8 45 38.40095 
8 46 27.46198 
8 47 22.62220 
8 48 38.14788 
8 49 19.97507 
8 50 31.31891 
8 51 53.43810 
8 52 11.57607 
8 53 37.56390 
8 54 51.21774 
8 55 18.13905 
8 56 52.68044 
8 57 42.69558 
8 58 8.80559 
8 59 28.41227 
8 60 27.24715 
8 61 57.54092 
8 62 38.16585 
8 63 8.60242 
8 64 47.07865 
8 65 22.18958 
8 66 42.12057 
8 67 10.41283 
8 68 30.09935 
8 69 22.97837 
8 70 36.50704 
8 71 51.54321 
8 72 38.21191 
8 73 42.70454 
8 74 11.41681 
8 75 51.35194 
8 76 51.86104 
8 77 46.17314 
8 78 40.21241 
8 79 27.77579 
8 80 9.30971 
8 81 11.34694 
8 82 28.30121 
8 83 51.58399 
8 84 26.99836 
8 85 27.88668 
8 86 38.79270 
8 87 58.26595 
8 88 42.49587 
8 89 44.64293 
8 90 44.10983 
8 91 11.84240 
8 92 51.93260 
8 93 49.34552 
8 94 29.87252 
8 95 11.39621 
8 96 31.71639 
8 97 39.02151 
8 98 43.10059 
8 99 34.85965 
9 0 4.14856 
9 1 18.99176 
9 2 36.89679 
9 3 49.60557 
9 4 12.20942 
9 5 12.26400 
9 6 7.98005 
9 7 50.06774 
9 8 42.25488 
9 9 0.00000 
9 10 27.76002 
9 11 56.60376 
9 12 61.94414 
9 13 12.31801 
9 14 23.47536 
9 15 71.60560 
9 16 58.73884 
9 17 44.50511 
9 18 46.83054 
9 19 78.39708 
9 20 51.46358 
9 21 42.54903 
9 22 34.46753 
9 23 40.81476 
9 24 45.85590 
9 25 29.41374 
9 26 46.19994 
9 27 65.84219 
9 28 51.64584 
9 29 36.80828 
9 30 51.74002 
9 31 8.45277 
9 32 83.14693 
9 33 83.25890 
9 34 12.89124 
9 35 51.78493 
9 36 70.70188 
9 37 53.88858 
9 38 27.33692 
9 39 65.65535 
9 40 39.42490 
9 41 67.26270 
9 42 51.02788 
9 43 17.49913 
9 44 54.54114 
9 45 69.93965 
9 46 23.19062 
9 47 54.16091 
9 48 33.87652 
9 49 51.51378 
9 50 27.04755 
9 51 19.48034 
9 52 43.11478 
9 53 33.29255 
9 54 17.25998 
9 55 49.67776 
9 56 18.72267 
9 57 74.23429 
9 58 40.34430 
9 59 24.14091 
9 60 58.78586 
9 61 23.58315 
9 62 33.89449 
9 63 40.14113 
9 64 78.61736 
9 65 53.72828 
9 66 8.16281 
9 67 41.95154 
9 68 61.63805 
9 69 54.51707 
9 70 32.23569 
9 71 17.58544 
9 72 33.94056 
9 73 74.24325 
9 74 42.95551 
9 75 17.39418 
9 76 83.39975 
9 77 41.90178 
9 78 71.75111 
9 79 23.50443 
9 80 40.84842 
9 81 42.88564 
9 82 24.02985 
9 83 17.62623 
9 84 22.72700 
9 85 23.61533 
9 86 34.52134 
9 87 24.30819 
9 88 38.22451 
9 89 76.18163 
9 90 75.64853 
9 91 43.38111 
9 92 83.47130 
9 93 80.88423 
9 94 25.60116 
9 95 42.93491 
9 96 63.25510 
9 97 70.56021 
9 98 38.82924 
9 99 30.58830 
10 0 23.61146 
10 1 8.76826 
10 2 26.67329 
10 3 39.38207 
10 4 31.67233 
10 5 31.72690 
10 6 27.44296 
10 7 39.84424 
10 8 32.03138 
10 9 27.76002 
10 10 0.00000 
10 11 46.38026 
10 12 51.72064 
10 13 31.78091 
10 14 13.25186 
10 15 61.38210 
10 16 48.51534 
10 17 34.28161 
10 18 36.60704 
10 19 68.17358 
10 20 41.24008 
10 21 32.32553 
10 22 6.70751 
10 23 30.59126 
10 24 35.63240 
10 25 19.19024 
10 26 35.97644 
10 27 55.61869 
10 28 41.42234 
10 29 26.58478 
10 30 41.51652 
10 31 27.91568 
10 32 72.92343 
10 33 73.03540 
10 34 32.35415 
10 35 41.56143 
10 36 60.47838 
10 37 43.66507 
10 38 17.11342 
10 39 55.43185 
10 40 11.66488 
10 41 57.03920 
10 42 40.80438 
10 43 36.96204 
10 44 44.31763 
10 45 59.71615 
10 46 12.96712 
10 47 43.93741 
10 48 23.65302 
10 49 41.29028 
10 50 16.82405 
10 51 38.94325 
10 52 32.89128 
10 53 23.06905 
10 54 36.72288 
10 55 39.45426 
10 56 38.18558 
10 57 64.01079 
10 58 30.12080 
10 59 13.91741 
10 60 48.56236 
10 61 43.04606 
10 62 23.67099 
10 63 29.91763 
10 64 68.39386 
10 65 43.50478 
10 66 27.62571 
10 67 31.72804 
10 68 51.41455 
10 69 44.29357 
10 70 4.47567 
10 71 37.04835 
10 72 23.71706 
10 73 64.01975 
10 74 32.73201 
10 75 36.85709 
10 76 73.17625 
10 77 31.67828 
10 78 61.52761 
10 79 13.28093 
10 80 30.62492 
10 81 32.66214 
10 82 13.80635 
10 83 37.08914 
10 84 12.50350 
10 85 13.39182 
10 86 24.29784 
10 87 43.77109 
10 88 28.00101 
10 89 65.95813 
10 90 65.42503 
10 91 33.15760 
10 92 73.24780 
10 93 70.66072 
10 94 15.37766 
10 95 32.71141 
10 96 53.03160 
10 97 60.33671 
10 98 28.60574 
10 99 20.36480 
11 0 52.45521 
11 1 37.61200 
11 2 19.70697 
11 3 6.99819 
11 4 60.51607 
11 5 60.57065 
11 6 56.28670 
11 7 32.87792 
11 8 25.06506 
11 9 56.60376 
11 10 46.38026 
11 11 0.00000 
11 12 44.75432 
11 13 60.62465 
11 14 42.09560 
11 15 54.41578 
11 16 16.13146 
11 17 27.31529 
11 18 29.64072 
11 19 61.20726 
11 20 34.27376 
11 21 25.35921 
11 22 53.08777 
11 23 23.62494 
11 24 28.66608 
11 25 48.03398 
11 26 29.01012 
11 27 23.23481 
11 28 34.45602 
11 29 55.42852 
11 30 34.55020 
11 31 56.75942 
11 32 65.95711 
11 33 66.06908 
11 34 61.19789 
11 35 34.59511 
11 36 28.09450 
11 37 36.69876 
11 38 45.95717 
11 39 48.46553 
11 40 58.04514 
11 41 50.07288 
11 42 33.83806 
11 43 65.80578 
11 44 11.93376 
11 45 52.74983 
11 46 41.81086 
11 47 11.55353 
11 48 52.49676 
11 49 34.32396 
11 50 45.66779 
11 51 67.78699 
11 52 25.92496 
11 53 51.91279 
11 54 65.56663 
11 55 32.48794 
11 56 67.02932 
11 57 57.04447 
11 58 23.15448 
11 59 42.76115 
11 60 41.59604 
11 61 71.88980 
11 62 52.51473 
11 63 22.95131 
11 64 61.42754 
11 65 11.12090 
11 66 56.46945 
11 67 24.76172 
11 68 5.03429 
11 69 37.32725 
11 70 50.85593 
11 71 65.89209 
11 72 52.56080 
11 73 57.05343 
11 74 25.76569 
11 75 65.70083 
11 76 66.20993 
11 77 60.52203 
11 78 54.56129 
11 79 42.12467 
11 80 23.65860 
11 81 25.69582 
11 82 42.65009 
11 83 65.93288 
11 84 41.34724 
11 85 42.23557 
11 86 53.14159 
11 87 72.61484 
11 88 56.84475 
11 89 58.99181 
11 90 58.45871 
11 91 26.19128 
11 92 66.28148 
11 93 63.69441 
11 94 44.22140 
11 95 25.74509 
11 96 20.64772 
11 97 27.95283 
11 98 57.44948 
11 99 49.20854 
12 0 57.79558 
12 1 42.95238 
12 2 25.04735 
12 3 37.75613 
12 4 65.85644 
12 5 65.91102 
12 6 61.62708 
12 7 11.87640 
12 8 30.40543 
12 9 61.94414 
12 10 51.72064 
12 11 44.75432 
12 12 0.00000 
12 13 65.96503 
12 14 47.43597 
12 15 9.66147 
12 16 46.88940 
12 17 32.65567 
12 18 34.98109 
12 19 16.45294 
12 20 39.61414 
12 21 30.69959 
12 22 58.42814 
12 23 28.96531 
12 24 34.00646 
12 25 53.37435 
12 26 34.35050 
12 27 53.99275 
12 28 39.79639 
12 29 60.76889 
12 30 39.89058 
12 31 62.09980 
12 32 21.20279 
12 33 21.31476 
12 34 66.53827 
12 35 39.93548 
12 36 58.85244 
12 37 42.03913 
12 38 51.29754 
12 39 3.71121 
12 40 63.38552 
12 41 5.31856 
12 42 39.17843 
12 43 71.14615 
12 44 42.69169 
12 45 7.99552 
12 46 47.15124 
12 47 42.31146 
12 48 57.83714 
12 49 39.66433 
12 50 51.00817 
12 51 73.12736 
12 52 31.26533 
12 53 57.25316 
12 54 70.90700 
12 55 37.82831 
12 56 72.36970 
12 57 12.29015 
12 58 28.49485 
12 59 48.10153 
12 60 46.93641 
12 61 77.23018 
12 62 57.85511 
12 63 28.29168 
12 64 16.67322 
12 65 41.87884 
12 66 61.80983 
12 67 30.10209 
12 68 49.78861 
12 69 16.32574 
12 70 56.19630 
12 71 71.23247 
12 72 57.90117 
12 73 12.29911 
12 74 31.10607 
12 75 71.04120 
12 76 21.45561 
12 77 65.86240 
12 78 9.80698 
12 79 47.46505 
12 80 28.99897 
12 81 31.03620 
12 82 47.99047 
12 83 71.27325 
12 84 46.68762 
12 85 47.57594 
12 86 58.48196 
12 87 77.95521 
12 88 62.18513 
12 89 14.23750 
12 90 13.70440 
12 91 31.53166 
12 92 21.52716 
12 93 18.94009 
12 94 49.56178 
12 95 31.08547 
12 96 51.40565 
12 97 58.71077 
12 98 62.78985 
12 99 54.54891 
13 0 8.16945 
13 1 23.01265 
13 2 40.91768 
13 3 53.62646 
13 4 16.23031 
13 5 16.28489 
13 6 12.00095 
13 7 54.08863 
13 8 46.27577 
13 9 12.31801 
13 10 31.78091 
13 11 60.62465 
13 12 65.96503 
13 13 0.00000 
13 14 27.49625 
13 15 75.62649 
13 16 62.75973 
13 17 48.52600 
13 18 50.85143 
13 19 82.41797 
13 20 55.48447 
13 21 46.56992 
13 22 38.48842 
13 23 44.83565 
13 24 49.87679 
13 25 33.43463 
13 26 50.22083 
13 27 69.86308 
13 28 55.66673 
13 29 40.82917 
13 30 55.76091 
13 31 12.47367 
13 32 87.16782 
13 33 87.27979 
13 34 16.91213 
13 35 55.80582 
13 36 74.72277 
13 37 57.90947 
13 38 31.35781 
13 39 69.67624 
13 40 43.44579 
13 41 71.28359 
13 42 55.04877 
13 43 5.18112 
13 44 58.56203 
13 45 73.96054 
13 46 27.21151 
13 47 58.18180 
13 48 37.89741 
13 49 55.53467 
13 50 31.06844 
13 51 23.50123 
13 52 47.13567 
13 53 37.31344 
13 54 21.28087 
13 55 53.69865 
13 56 22.74356 
13 57 78.25518 
13 58 44.36519 
13 59 28.16180 
13 60 62.80675 
13 61 27.60404 
13 62 37.91538 
13 63 44.16202 
13 64 82.63825 
13 65 57.74917 
13 66 12.18370 
13 67 45.97243 
13 68 65.65894 
13 69 58.53796 
13 70 36.25658 
13 71 5.26744 
13 72 37.96145 
13 73 78.26414 
13 74 46.97640 
13 75 21.41507 
13 76 87.42064 
13 77 45.92267 
13 78 75.77200 
13 79 27.52532 
13 80 44.86931 
13 81 46.90653 
13 82 28.05074 
13 83 21.64712 
13 84 26.74789 
13 85 27.63622 
13 86 38.54223 
13 87 28.32908 
13 88 42.24540 
13 89 80.20252 
13 90 79.66942 
13 91 47.40200 
13 92 87.49219 
13 93 84.90512 
13 94 29.62205 
13 95 46.95581 
13 96 67.27599 
13 97 74.58110 
13 98 42.85013 
13 99 34.60919 
14 0 19.32680 
14 1 4.48360 
14 2 22.38863 
14 3 35.09741 
14 4 27.38766 
14 5 27.44224 
14 6 23.15830 
14 7 35.55957 
14 8 27.74671 
14 9 23.47536 
14 10 13.25186 
14 11 42.09560 
14 12 47.43597 
14 13 27.49625 
14 14 0.00000 
14 15 57.09744 
14 16 44.23068 
14 17 29.99695 
14 18 32.32238 
14 19 63.88892 
14 20 36.95542 
14 21 28.04087 
14 22 19.95936 
14 23 26.30660 
14 24 31.34774 
14 25 14.90557 
14 26 31.69178 
14 27 51.33403 
14 28 37.13767 
14 29 22.30011 
14 30 37.23186 
14 31 23.63102 
14 32 68.63877 
14 33 68.75073 
14 34 28.06949 
14 35 37.27676 
14 36 56.19372 
14 37 39.38041 
14 38 12.82876 
14 39 51.14719 
14 40 24.91674 
14 41 52.75454 
14 42 36.51971 
14 43 32.67737 
14 44 40.03297 
14 45 55.43149 
14 46 8.68246 
14 47 39.65274 
14 48 19.36836 
14 49 37.00561 
14 50 12.53939 
14 51 34.65858 
14 52 28.60661 
14 53 18.78438 
14 54 32.43822 
14 55 35.16959 
14 56 33.90092 
14 57 59.72612 
14 58 25.83614 
14 59 9.63275 
14 60 44.27769 
14 61 38.76140 
14 62 19.38633 
14 63 25.63297 
14 64 64.10919 
14 65 39.22012 
14 66 23.34105 
14 67 27.44337 
14 68 47.12989 
14 69 40.00891 
14 70 17.72752 
14 71 32.76369 
14 72 19.43239 
14 73 59.73508 
14 74 28.44735 
14 75 32.57242 
14 76 68.89158 
14 77 27.39362 
14 78 57.24295 
14 79 8.99627 
14 80 26.34025 
14 81 28.37748 
14 82 9.52169 
14 83 32.80447 
14 84 8.21884 
14 85 9.10716 
14 86 20.01318 
14 87 39.48643 
14 88 23.71635 
14 89 61.67347 
14 90 61.14037 
14 91 28.87294 
14 92 68.96314 
14 93 66.37606 
14 94 11.09300 
14 95 28.42675 
14 96 48.74694 
14 97 56.05205 
14 98 24.32107 
14 99 16.08013 
15 0 67.45705 
15 1 52.61384 
15 2 34.70881 
15 3 47.41759 
15 4 75.51791 
15 5 75.57249 
15 6 71.28854 
15 7 21.53787 
15 8 40.06690 
15 9 71.60560 
15 10 61.38210 
15 11 54.41578 
15 12 9.66147 
15 13 75.62649 
15 14 57.09744 
15 15 0.00000 
15 16 56.55086 
15 17 42.31713 
15 18 44.64256 
15 19 6.79148 
15 20 49.27560 
15 21 40.36105 
15 22 68.08961 
15 23 38.62678 
15 24 43.66793 
15 25 63.03582 
15 26 44.01196 
15 27 63.65421 
15 28 49.45786 
15 29 70.43036 
15 30 49.55204 
15 31 71.76126 
15 32 11.54133 
15 33 11.65329 
15 34 76.19973 
15 35 49.59695 
15 36 68.51390 
15 37 51.70060 
15 38 60.95901 
15 39 13.37268 
15 40 73.04699 
15 41 14.98003 
15 42 48.83990 
15 43 80.80762 
15 44 52.35316 
15 45 17.65698 
15 46 56.81270 
15 47 51.97293 
15 48 67.49860 
15 49 49.32580 
15 50 60.66964 
15 51 82.78883 
15 52 40.92680 
15 53 66.91463 
15 54 80.56847 
15 55 47.48978 
15 56 82.03116 
15 57 21.95162 
15 58 38.15632 
15 59 57.76299 
15 60 56.59788 
15 61 86.89164 
15 62 67.51657 
15 63 37.95315 
15 64 7.01175 
15 65 51.54030 
15 66 71.47130 
15 67 39.76356 
15 68 59.45007 
15 69 25.98720 
15 70 65.85777 
15 71 80.89393 
15 72 67.56264 
15 73 21.96058 
15 74 40.76753 
15 75 80.70267 
15 76 11.79414 
15 77 75.52387 
15 78 19.46844 
15 79 57.12651 
15 80 38.66044 
15 81 40.69766 
15 82 57.65194 
15 83 80.93472 
15 84 56.34909 
15 85 57.23741 
15 86 68.14343 
15 87 87.61668 
15 88 71.84660 
15 89 23.89896 
15 90 4.04293 
15 91 41.19313 
15 92 11.86570 
15 93 28.60156 
15 94 59.22325 
15 95 40.74694 
15 96 61.06712 
15 97 68.37223 
15 98 72.45132 
15 99 64.21038 
16 0 54.59029 
16 1 39.74708 
16 2 21.84205 
16 3 9.13327 
16 4 62.65115 
16 5 62.70573 
16 6 58.42178 
16 7 35.01300 
16 8 27.20014 
16 9 58.73884 
16 10 48.51534 
16 11 16.13146 
16 12 46.88940 
16 13 62.75973 
16 14 44.23068 
16 15 56.55086 
16 16 0.00000 
16 17 29.45037 
16 18 31.77580 
16 19 63.34234 
16 20 36.40884 
16 21 27.49429 
16 22 55.22285 
16 23 25.76002 
16 24 30.80116 
16 25 50.16906 
16 26 31.14520 
16 27 7.10335 
16 28 36.59110 
16 29 57.56360 
16 30 36.68528 
16 31 58.89450 
16 32 68.09219 
16 33 68.20416 
16 34 63.33297 
16 35 36.73019 
16 36 11.96304 
16 37 38.83384 
16 38 48.09225 
16 39 50.60061 
16 40 60.18023 
16 41 52.20796 
16 42 35.97314 
16 43 67.94086 
16 44 14.06884 
16 45 54.88491 
16 46 43.94594 
16 47 13.68861 
16 48 54.63184 
16 49 36.45904 
16 50 47.80288 
16 51 69.92207 
16 52 28.06004 
16 53 54.04787 
16 54 67.70171 
16 55 34.62302 
16 56 69.16440 
16 57 59.17955 
16 58 25.28956 
16 59 44.89623 
16 60 43.73112 
16 61 74.02488 
16 62 54.64981 
16 63 25.08639 
16 64 63.56262 
16 65 13.25599 
16 66 58.60453 
16 67 26.89680 
16 68 21.16575 
16 69 39.46233 
16 70 52.99101 
16 71 68.02717 
16 72 54.69588 
16 73 59.18851 
16 74 27.90077 
16 75 67.83591 
16 76 68.34501 
16 77 62.65711 
16 78 56.69637 
16 79 44.25975 
16 80 25.79368 
16 81 27.83090 
16 82 44.78517 
16 83 68.06796 
16 84 43.48232 
16 85 44.37065 
16 86 55.27667 
16 87 74.74992 
16 88 58.97984 
16 89 61.12689 
16 90 60.59379 
16 91 28.32637 
16 92 68.41656 
16 93 65.82949 
16 94 46.35649 
16 95 27.88017 
16 96 4.51626 
16 97 11.82137 
16 98 59.58456 
16 99 51.34362 
17 0 40.35656 
17 1 25.51335 
17 2 7.60832 
17 3 20.31710 
17 4 48.41742 
17 5 48.47200 
17 6 44.18805 
17 7 20.77927 
17 8 12.96641 
17 9 44.50511 
17 10 34.28161 
17 11 27.31529 
17 12 32.65567 
17 13 48.52600 
17 14 29.99695 
17 15 42.31713 
17 16 29.45037 
17 17 0.00000 
17 18 17.54207 
17 19 49.10861 
17 20 22.17511 
17 21 13.26056 
17 22 40.98912 
17 23 11.52629 
17 24 16.56743 
17 25 35.93533 
17 26 16.91147 
17 27 36.55372 
17 28 22.35737 
17 29 43.32987 
17 30 22.45155 
17 31 44.66077 
17 32 53.85846 
17 33 53.97043 
17 34 49.09924 
17 35 22.49646 
17 36 41.41341 
17 37 24.60011 
17 38 33.85851 
17 39 36.36688 
17 40 45.94649 
17 41 37.97423 
17 42 21.73941 
17 43 53.70713 
17 44 25.25267 
17 45 40.65118 
17 46 29.71221 
17 47 24.87244 
17 48 40.39811 
17 49 22.22531 
17 50 33.56914 
17 51 55.68834 
17 52 13.82631 
17 53 39.81414 
17 54 53.46798 
17 55 5.17265 
17 56 54.93067 
17 57 44.94582 
17 58 11.05583 
17 59 30.66250 
17 60 29.49739 
17 61 59.79115 
17 62 40.41608 
17 63 10.85266 
17 64 49.32889 
17 65 24.43981 
17 66 44.37080 
17 67 12.66307 
17 68 32.34958 
17 69 25.22860 
17 70 38.75728 
17 71 53.79344 
17 72 40.46215 
17 73 44.95478 
17 74 13.66704 
17 75 53.60218 
17 76 54.11128 
17 77 48.42338 
17 78 42.46264 
17 79 30.02602 
17 80 11.55995 
17 81 13.59717 
17 82 30.55144 
17 83 53.83423 
17 84 29.24859 
17 85 30.13692 
17 86 41.04294 
17 87 60.51619 
17 88 44.74610 
17 89 46.89316 
17 90 46.36006 
17 91 14.09263 
17 92 54.18283 
17 93 51.59576 
17 94 32.12275 
17 95 13.64644 
17 96 33.96663 
17 97 41.27174 
17 98 45.35083 
17 99 37.10989 
18 0 42.68198 
18 1 27.83878 
18 2 9.93375 
18 3 22.64253 
18 4 50.74284 
18 5 50.79742 
18 6 46.51348 
18 7 23.10469 
18 8 15.29183 
18 9 46.83054 
18 10 36.60704 
18 11 29.64072 
18 12 34.98109 
18 13 50.85143 
18 14 32.32238 
18 15 44.64256 
18 16 31.77580 
18 17 17.54207 
18 18 0.00000 
18 19 51.43404 
18 20 4.63304 
18 21 15.58599 
18 22 43.31455 
18 23 13.85172 
18 24 18.89286 
18 25 38.26076 
18 26 19.23690 
18 27 38.87915 
18 28 4.81530 
18 29 45.65530 
18 30 24.77698 
18 31 46.98620 
18 32 56.18389 
18 33 56.29585 
18 34 51.42467 
18 35 24.82188 
18 36 43.73884 
18 37 7.05804 
18 38 36.18394 
18 39 38.69231 
18 40 48.27192 
18 41 40.29966 
18 42 24.06483 
18 43 56.03255 
18 44 27.57809 
18 45 42.97661 
18 46 32.03764 
18 47 27.19787 
18 48 42.72354 
18 49 24.55073 
18 50 35.89457 
18 51 58.01377 
18 52 16.15174 
18 53 42.13957 
18 54 55.79340 
18 55 22.71472 
18 56 57.25610 
18 57 47.27124 
18 58 13.38126 
18 59 32.98793 
18 60 11.95532 
18 61 62.11658 
18 62 42.74151 
18 63 13.17809 
18 64 51.65431 
18 65 26.76524 
18 66 46.69623 
18 67 14.98849 
18 68 34.67501 
18 69 27.55403 
18 70 41.08271 
18 71 56.11887 
18 72 42.78758 
18 73 47.28021 
18 74 15.99247 
18 75 55.92761 
18 76 56.43670 
18 77 50.74880 
18 78 44.78807 
18 79 32.35145 
18 80 13.88537 
18 81 15.92260 
18 82 32.87687 
18 83 56.15965 
18 84 31.57402 
18 85 32.46234 
18 86 43.36836 
18 87 62.84161 
18 88 47.07153 
18 89 49.21859 
18 90 48.68549 
18 91 16.41806 
18 92 56.50826 
18 93 53.92118 
18 94 34.44818 
18 95 15.97187 
18 96 36.29206 
18 97 43.59717 
18 98 47.67626 
18 99 39.43532 
19 0 74.24852 
19 1 59.40532 
19 2 41.50029 
19 3 54.20907 
19 4 82.30938 
19 5 82.36396 
19 6 78.08002 
19 7 28.32934 
19 8 46.85837 
19 9 78.39708 
19 10 68.17358 
19 11 61.20726 
19 12 16.45294 
19 13 82.41797 
19 14 63.88892 
19 15 6.79148 
19 16 63.34234 
19 17 49.10861 
19 18 51.43404 
19 19 0.00000 
19 20 56.06708 
19 21 47.15253 
19 22 74.88109 
19 23 45.41826 
19 24 50.45940 
19 25 69.82730 
19 26 50.80344 
19 27 70.44569 
19 28 56.24933 
19 29 77.22184 
19 30 56.34352 
19 31 78.55274 
19 32 4.74985 
19 33 4.86182 
19 34 82.99121 
19 35 56.38842 
19 36 75.30538 
19 37 58.49207 
19 38 67.75048 
19 39 20.16416 
19 40 79.83846 
19 41 21.77150 
19 42 55.63137 
19 43 87.59909 
19 44 59.14463 
19 45 24.44846 
19 46 63.60418 
19 47 58.76441 
19 48 74.29008 
19 49 56.11727 
19 50 67.46111 
19 51 89.58031 
19 52 47.71828 
19 53 73.70611 
19 54 87.35994 
19 55 54.28126 
19 56 88.82264 
19 57 28.74309 
19 58 44.94780 
19 59 64.55447 
19 60 63.38935 
19 61 93.68312 
19 62 74.30805 
19 63 44.74463 
19 64 13.80323 
19 65 58.33178 
19 66 78.26277 
19 67 46.55503 
19 68 66.24155 
19 69 32.77868 
19 70 72.64925 
19 71 87.68541 
19 72 74.35412 
19 73 28.75205 
19 74 47.55901 
19 75 87.49415 
19 76 18.58562 
19 77 82.31534 
19 78 26.25992 
19 79 63.91799 
19 80 45.45191 
19 81 47.48914 
19 82 64.44341 
19 83 87.72619 
19 84 63.14056 
19 85 64.02888 
19 86 74.93490 
19 87 94.40815 
19 88 78.63807 
19 89 30.69044 
19 90 10.83440 
19 91 47.98460 
19 92 18.65717 
19 93 35.39303 
19 94 66.01472 
19 95 47.53841 
19 96 67.85860 
19 97 75.16371 
19 98 79.24280 
19 99 71.00186 
20 0 47.31502 
20 1 32.47182 
20 2 14.56679 
20 3 27.27557 
20 4 55.37589 
20 5 55.43046 
20 6 51.14652 
20 7 27.73774 
20 8 19.92488 
20 9 51.46358 
20 10 41.24008 
20 11 34.27376 
20 12 39.61414 
20 13 55.48447 
20 14 36.95542 
20 15 49.27560 
20 16 36.40884 
20 17 22.17511 
20 18 4.63304 
20 19 56.06708 
20 20 0.00000 
20 21 20.21903 
20 22 47.94759 
20 23 18.48476 
20 24 23.52590 
20 25 42.89380 
20 26 23.86994 
20 27 43.51219 
20 28 9.44834 
20 29 50.28834 
20 30 29.41002 
20 31 51.61924 
20 32 60.81693 
20 33 60.92889 
20 34 56.05771 
20 35 29.45493 
20 36 48.37188 
20 37 11.69108 
20 38 40.81698 
20 39 43.32535 
20 40 52.90496 
20 41 44.93270 
20 42 28.69788 
20 43 60.66560 
20 44 32.21113 
20 45 47.60965 
20 46 36.67068 
20 47 31.83091 
20 48 47.35658 
20 49 29.18378 
20 50 40.52761 
20 51 62.64681 
20 52 20.78478 
20 53 46.77261 
20 54 60.42644 
20 55 27.34776 
20 56 61.88914 
20 57 51.90428 
20 58 18.01430 
20 59 37.62097 
20 60 16.58836 
20 61 66.74962 
20 62 47.37455 
20 63 17.81113 
20 64 56.28736 
20 65 31.39828 
20 66 51.32927 
20 67 19.62154 
20 68 39.30805 
20 69 32.18707 
20 70 45.71575 
20 71 60.75191 
20 72 47.42062 
20 73 51.91325 
20 74 20.62551 
20 75 60.56065 
20 76 61.06974 
20 77 55.38184 
20 78 49.42111 
20 79 36.98449 
20 80 18.51842 
20 81 20.55564 
20 82 37.50991 
20 83 60.79270 
20 84 36.20706 
20 85 37.09539 
20 86 48.00140 
20 87 67.47466 
20 88 51.70457 
20 89 53.85163 
20 90 53.31853 
20 91 21.05110 
20 92 61.14130 
20 93 58.55422 
20 94 39.08122 
20 95 20.60491 
20 96 40.92510 
20 97 48.23021 
20 98 52.30930 
20 99 44.06836 
21 0 38.40048 
21 1 23.55727 
21 2 5.65224 
21 3 18.36102 
21 4 46.46134 
21 5 46.51592 
21 6 42.23197 
21 7 18.82319 
21 8 11.01033 
21 9 42.54903 
21 10 32.32553 
21 11 25.35921 
21 12 30.69959 
21 13 46.56992 
21 14 28.04087 
21 15 40.36105 
21 16 27.49429 
21 17 13.26056 
21 18 15.58599 
21 19 47.15253 
21 20 20.21903 
21 21 0.00000 
21 22 39.03304 
21 23 9.57021 
21 24 14.61135 
21 25 33.97925 
21 26 14.95539 
21 27 34.59764 
21 28 20.40129 
21 29 41.37379 
21 30 20.49547 
21 31 42.70469 
21 32 51.90238 
21 33 52.01435 
21 34 47.14316 
21 35 20.54038 
21 36 39.45733 
21 37 22.64403 
21 38 31.90244 
21 39 34.41080 
21 40 43.99041 
21 41 36.01815 
21 42 19.78333 
21 43 51.75105 
21 44 23.29659 
21 45 38.69510 
21 46 27.75613 
21 47 22.91636 
21 48 38.44203 
21 49 20.26923 
21 50 31.61306 
21 51 53.73226 
21 52 11.87023 
21 53 37.85806 
21 54 51.51190 
21 55 18.43321 
21 56 52.97459 
21 57 42.98974 
21 58 9.09975 
21 59 28.70642 
21 60 27.54131 
21 61 57.83507 
21 62 38.46000 
21 63 8.89658 
21 64 47.37281 
21 65 22.48373 
21 66 42.41472 
21 67 10.70699 
21 68 30.39350 
21 69 23.27252 
21 70 36.80120 
21 71 51.83736 
21 72 38.50607 
21 73 42.99870 
21 74 11.71096 
21 75 51.64610 
21 76 52.15520 
21 77 46.46730 
21 78 40.50656 
21 79 28.06994 
21 80 9.60387 
21 81 11.64109 
21 82 28.59536 
21 83 51.87815 
21 84 27.29251 
21 85 28.18084 
21 86 39.08686 
21 87 58.56011 
21 88 42.79002 
21 89 44.93708 
21 90 44.40398 
21 91 12.13655 
21 92 52.22675 
21 93 49.63968 
21 94 30.16667 
21 95 11.69036 
21 96 32.01055 
21 97 39.31566 
21 98 43.39475 
21 99 35.15381 
22 0 30.31897 
22 1 15.47577 
22 2 33.38080 
22 3 46.08958 
22 4 38.37983 
22 5 38.43441 
22 6 34.15047 
22 7 46.55174 
22 8 38.73888 
22 9 34.46753 
22 10 6.70751 
22 11 53.08777 
22 12 58.42814 
22 13 38.48842 
22 14 19.95936 
22 15 68.08961 
22 16 55.22285 
22 17 40.98912 
22 18 43.31455 
22 19 74.88109 
22 20 47.94759 
22 21 39.03304 
22 22 0.00000 
22 23 37.29877 
22 24 42.33991 
22 25 25.89774 
22 26 42.68395 
22 27 62.32620 
22 28 48.12984 
22 29 33.29228 
22 30 48.22403 
22 31 34.62319 
22 32 79.63094 
22 33 79.74290 
22 34 39.06166 
22 35 48.26893 
22 36 67.18589 
22 37 50.37258 
22 38 23.82093 
22 39 62.13936 
22 40 4.95738 
22 41 63.74671 
22 42 47.51188 
22 43 43.66954 
22 44 51.02514 
22 45 66.42366 
22 46 19.67463 
22 47 50.64491 
22 48 30.36053 
22 49 47.99778 
22 50 23.53156 
22 51 45.65076 
22 52 39.59878 
22 53 29.77655 
22 54 43.43039 
22 55 46.16177 
22 56 44.89309 
22 57 70.71829 
22 58 36.82831 
22 59 20.62492 
22 60 55.26986 
22 61 49.75357 
22 62 30.37850 
22 63 36.62514 
22 64 75.10136 
22 65 50.21229 
22 66 34.33322 
22 67 38.43554 
22 68 58.12206 
22 69 51.00108 
22 70 11.18317 
22 71 43.75586 
22 72 30.42456 
22 73 70.72725 
22 74 39.43952 
22 75 43.56459 
22 76 79.88375 
22 77 38.38579 
22 78 68.23512 
22 79 19.98844 
22 80 37.33242 
22 81 39.36965 
22 82 20.51386 
22 83 43.79664 
22 84 19.21101 
22 85 20.09933 
22 86 31.00535 
22 87 50.47860 
22 88 34.70852 
22 89 72.66564 
22 90 72.13254 
22 91 39.86511 
22 92 79.95531 
22 93 77.36823 
22 94 22.08517 
22 95 39.41892 
22 96 59.73911 
22 97 67.04422 
22 98 35.31324 
22 99 27.07230 
23 0 36.66620 
23 1 21.82300 
23 2 3.91797 
23 3 16.62675 
23 4 44.72706 
23 5 44.78164 
23 6 40.49770 
23 7 17.08892 
23 8 9.27605 
23 9 40.81476 
23 10 30.59126 
23 11 23.62494 
23 12 28.96531 
23 13 44.83565 
23 14 26.30660 
23 15 38.62678 
23 16 25.76002 
23 17 11.52629 
23 18 13.85172 
23 19 45.41826 
23 20 18.48476 
23 21 9.57021 
23 22 37.29877 
23 23 0.00000 
23 24 12.87708 
23 25 32.24498 
23 26 13.22112 
23 27 32.86337 
23 28 18.66701 
23 29 39.63952 
23 30 18.76120 
23 31 40.97042 
23 32 50.16811 
23 33 50.28007 
23 34 45.40889 
23 35 18.80610 
23 36 37.72306 
23 37 20.90975 
23 38 30.16816 
23 39 32.67653 
23 40 42.25614 
23 41 34.28388 
23 42 18.04906 
23 43 50.01678 
23 44 21.56231 
23 45 36.96083 
23 46 26.02186 
23 47 21.18209 
23 48 36.70776 
23 49 18.53495 
23 50 29.87879 
23 51 51.99799 
23 52 10.13596 
23 53 36.12379 
23 54 49.77762 
23 55 16.69894 
23 56 51.24032 
23 57 41.25546 
23 58 7.36548 
23 59 26.97215 
23 60 25.80703 
23 61 56.10080 
23 62 36.72573 
23 63 7.16231 
23 64 45.63853 
23 65 20.74946 
23 66 40.68045 
23 67 8.97271 
23 68 28.65923 
23 69 21.53825 
23 70 35.06693 
23 71 50.10309 
23 72 36.77180 
23 73 41.26443 
23 74 9.97669 
23 75 49.91183 
23 76 50.42092 
23 77 44.73302 
23 78 38.77229 
23 79 26.33567 
23 80 7.86959 
23 81 9.90682 
23 82 26.86109 
23 83 50.14387 
23 84 25.55824 
23 85 26.44656 
23 86 37.35258 
23 87 56.82583 
23 88 41.05575 
23 89 43.20281 
23 90 42.66971 
23 91 10.40228 
23 92 50.49248 
23 93 47.90540 
23 94 28.43240 
23 95 9.95609 
23 96 30.27628 
23 97 37.58139 
23 98 41.66048 
23 99 33.41954 
24 0 41.70735 
24 1 26.86414 
24 2 8.95911 
24 3 21.66789 
24 4 49.76821 
24 5 49.82279 
24 6 45.53884 
24 7 22.13006 
24 8 14.31720 
24 9 45.85590 
24 10 35.63240 
24 11 28.66608 
24 12 34.00646 
24 13 49.87679 
24 14 31.34774 
24 15 43.66793 
24 16 30.80116 
24 17 16.56743 
24 18 18.89286 
24 19 50.45940 
24 20 23.52590 
24 21 14.61135 
24 22 42.33991 
24 23 12.87708 
24 24 0.00000 
24 25 37.28612 
24 26 18.26226 
24 27 37.90451 
24 28 23.70816 
24 29 44.68066 
24 30 23.80234 
24 31 46.01156 
24 32 55.20925 
24 33 55.32122 
24 34 50.45003 
24 35 23.84725 
24 36 42.76420 
24 37 25.95090 
24 38 35.20931 
24 39 37.71767 
24 40 47.29729 
24 41 39.32502 
24 42 5.17197 
24 43 55.05792 
24 44 26.60346 
24 45 42.00197 
24 46 31.06300 
24 47 26.22323 
24 48 41.74890 
24 49 5.65787 
24 50 34.91994 
24 51 57.03913 
24 52 15.17710 
24 53 41.16493 
24 54 54.81877 
24 55 21.74008 
24 56 56.28146 
24 57 46.29661 
24 58 12.40662 
24 59 32.01329 
24 60 30.84818 
24 61 61.14194 
24 62 41.76687 
24 63 12.20345 
24 64 50.67968 
24 65 25.79060 
24 66 45.72160 
24 67 14.01386 
24 68 33.70037 
24 69 26.57940 
24 70 40.10807 
24 71 55.14423 
24 72 41.81294 
24 73 46.30557 
24 74 15.01783 
24 75 54.95297 
24 76 55.46207 
24 77 49.77417 
24 78 43.81344 
24 79 31.37681 
24 80 12.91074 
24 81 14.94796 
24 82 31.90224 
24 83 55.18502 
24 84 30.59939 
24 85 31.48771 
24 86 42.39373 
24 87 61.86698 
24 88 46.09690 
24 89 48.24396 
24 90 47.71085 
24 91 15.44343 
24 92 55.53362 
24 93 52.94655 
24 94 33.47355 
24 95 14.99724 
24 96 35.31742 
24 97 42.62253 
24 98 46.70162 
24 99 38.46068 
25 0 25.26518 
25 1 10.42198 
25 2 28.32701 
25 3 41.03579 
25 4 33.32604 
25 5 33.38062 
25 6 29.09668 
25 7 41.49796 
25 8 33.68509 
25 9 29.41374 
25 10 19.19024 
25 11 48.03398 
25 12 53.37435 
25 13 33.43463 
25 14 14.90557 
25 15 63.03582 
25 16 50.16906 
25 17 35.93533 
25 18 38.26076 
25 19 69.82730 
25 20 42.89380 
25 21 33.97925 
25 22 25.89774 
25 23 32.24498 
25 24 37.28612 
25 25 0.00000 
25 26 37.63016 
25 27 57.27241 
25 28 43.07605 
25 29 7.39454 
25 30 43.17024 
25 31 29.56940 
25 32 74.57715 
25 33 74.68911 
25 34 34.00787 
25 35 43.21514 
25 36 62.13210 
25 37 45.31879 
25 38 18.76714 
25 39 57.08557 
25 40 30.85512 
25 41 58.69292 
25 42 42.45810 
25 43 38.61575 
25 44 45.97135 
25 45 61.36987 
25 46 14.62084 
25 47 45.59113 
25 48 25.30674 
25 49 42.94399 
25 50 18.47777 
25 51 40.59697 
25 52 34.54500 
25 53 24.72277 
25 54 38.37660 
25 55 41.10798 
25 56 39.83930 
25 57 65.66450 
25 58 31.77452 
25 59 15.57113 
25 60 50.21607 
25 61 44.69978 
25 62 4.48075 
25 63 31.57135 
25 64 70.04757 
25 65 45.15850 
25 66 29.27943 
25 67 33.38175 
25 68 53.06827 
25 69 45.94729 
25 70 23.66590 
25 71 38.70207 
25 72 4.52682 
25 73 65.67347 
25 74 34.38573 
25 75 38.51081 
25 76 74.82996 
25 77 12.48805 
25 78 63.18133 
25 79 14.93465 
25 80 32.27863 
25 81 34.31586 
25 82 15.46007 
25 83 38.74285 
25 84 14.15722 
25 85 15.04554 
25 86 5.10761 
